%YAML:1.0
---
cameraMatrixLeft: !!opencv-matrix
   rows: 3
   cols: 3
   dt: d
   data: [ 1007.165065, 0.000000, 938.062046, 0.000000, 1003.917046, 536.283193, 0.000000, 0.000000, 1.000000 ]
distCoeffsLeft: !!opencv-matrix
   rows: 1
   cols: 5
   dt: d
   data: [ -0.010488, -0.012511, 0.0, 0.0, 0.0 ]
cameraMatrixRight: !!opencv-matrix
   rows: 3
   cols: 3
   dt: d
   data: [ 1002.900310, 0.000000, 941.297261, 0.000000, 999.560980, 546.388329, 0.000000, 0.000000, 1.000000 ]
distCoeffsRight: !!opencv-matrix
   rows: 1
   cols: 5
   dt: d
   data: [ -0.010326, -0.015107, 0.0, 0.0, 0.0]
R: !!opencv-matrix
   rows: 3
   cols: 3
   dt: d
   data: [ 0.999944, 0.007256, -0.007760, -0.007329, 0.999930, -0.009324, 0.007691, 0.009380, 0.999926 ]
T: !!opencv-matrix
   rows: 3
   cols: 1
   dt: d
   data: [ 105.217969, 2.074723, -0.983742 ]
