%YAML:1.0
#In water
---
cameraMatrixLeft: !!opencv-matrix
   rows: 3
   cols: 3
   dt: d
   data: [ 1097.86, 0., 921.038, 0.,
           1089.78, 520.44, 0., 0., 1. ]
distCoeffsLeft: !!opencv-matrix
   rows: 1
   cols: 8
   dt: d
   data: [-31.067   ,   289.868  ,    -0.00381659 , -0.00744712 , -694.108   ,  -31.0686 ,    289.895   ,   -694.186  ]
cameraMatrixRight: !!opencv-matrix
   rows: 3
   cols: 3
   dt: d
   data: [ 1118.34, 0., 925.302, 0.,
           1109.4, 525.286, 0., 0., 1. ]
distCoeffsRight: !!opencv-matrix
   rows: 1
   cols: 8
   dt: d
   data: [-34.8079  ,   317.593  ,    -0.000144034 ,-0.00752353 , -249.087  ,   -34.814  ,    317.796   ,   -250.776]
R: !!opencv-matrix
   rows: 3
   cols: 3
   dt: d
   data: [0.999984  ,  0.00482615 , 0.00281708 , -0.00481898, 0.999985,  -0.00254567, -0.00282933, 0.00253206,  0.999993]
T: !!opencv-matrix
   rows: 3
   cols: 1
   dt: d
   data: [-109.27, 2.69592, -9.35285]
E: !!opencv-matrix
   rows: 3
   cols: 3
   dt: d
   data: [ 0.0, 0.0, 0.0, 0.0, 0.0, 0.0, 0.0, 0.0, 0.0 ]
F: !!opencv-matrix
   rows: 3
   cols: 3
   dt: d
   data: [ 0.0, 0.0, 0.0, 0.0, 0.0, 0.0, 0.0, 0.0, 0.0 ]
