%YAML:1.0
#In water
---
cameraMatrixLeft: !!opencv-matrix
   rows: 3
   cols: 3
   dt: d
<<<<<<< HEAD
   data: [ 1097.86, 0., 921.038, 0.,
           1089.78, 520.44, 0., 0., 1. ]
=======
   data: [ 1097.06, 0., 933.117, 0.,
           1091.83, 524.643, 0., 0., 1. ]
>>>>>>> fb6e974be041c9acc383a4f21dc9ceabca751d28
distCoeffsLeft: !!opencv-matrix
   rows: 1
   cols: 8
   dt: d
<<<<<<< HEAD
   data: [-31.067   ,   289.868  ,    -0.00381659 , -0.00744712 , -694.108   ,  -31.0686 ,    289.895   ,   -694.186  ]
=======
   data: [4.33146   ,   -31.0753   ,  -0.00134654 , -0.00187133, 37.0119   ,   4.36388   ,   -31.2128  ,   37.1581 ]
>>>>>>> fb6e974be041c9acc383a4f21dc9ceabca751d28
cameraMatrixRight: !!opencv-matrix
   rows: 3
   cols: 3
   dt: d
<<<<<<< HEAD
   data: [ 1118.34, 0., 925.302, 0.,
           1109.4, 525.286, 0., 0., 1. ]
=======
   data: [ 1080.77, 0., 933.344, 0.,
           1075.12, 529.319, 0., 0., 1. ]
>>>>>>> fb6e974be041c9acc383a4f21dc9ceabca751d28
distCoeffsRight: !!opencv-matrix
   rows: 1
   cols: 8
   dt: d
<<<<<<< HEAD
   data: [-34.8079  ,   317.593  ,    -0.000144034 ,-0.00752353 , -249.087  ,   -34.814  ,    317.796   ,   -250.776]
=======
   data: [-11.543   ,   40.6325    ,  -0.00280018  ,-0.00224853 , -15.6361  ,   -11.5271  ,   40.4738   ,   -15.1799 ]
>>>>>>> fb6e974be041c9acc383a4f21dc9ceabca751d28
R: !!opencv-matrix
   rows: 3
   cols: 3
   dt: d
   data: [0.999984  ,  0.00482615 , 0.00281708 , -0.00481898, 0.999985,  -0.00254567, -0.00282933, 0.00253206,  0.999993]
T: !!opencv-matrix
   rows: 3
   cols: 1
   dt: d
   data: [-109.27, 2.69592, -9.35285]
E: !!opencv-matrix
   rows: 3
   cols: 3
   dt: d
   data: [ 0.0, 0.0, 0.0, 0.0, 0.0, 0.0, 0.0, 0.0, 0.0 ]
F: !!opencv-matrix
   rows: 3
   cols: 3
   dt: d
   data: [ 0.0, 0.0, 0.0, 0.0, 0.0, 0.0, 0.0, 0.0, 0.0 ]
