%YAML:1.0
---
cameraMatrixLeft: !!opencv-matrix
   rows: 3
   cols: 3
   dt: d
   data: [ 1.0768e+03, 0.,0.9512e+03, 0.,
       1.0691e+03, 0.5457e+03, 0., 0., 1. ]
distCoeffsLeft: !!opencv-matrix
   rows: 1
   cols: 5
   dt: d
   data: [ 0.0082,   -0.0066 ,   0.0,    0.0,   0.0]
cameraMatrixRight: !!opencv-matrix
   rows: 3
   cols: 3
   dt: d
   data: [1.0824e+03, 0., 0.9495e+03, 0.,
        1.0744e+03, 0.5357e+03, 0., 0., 1. ]
distCoeffsRight: !!opencv-matrix
   rows: 1
   cols: 5
   dt: d
   data: [0.0058,    0.0015,   0.0,    0.0,   0.0]
R: !!opencv-matrix
   rows: 3
   cols: 3
   dt: d
   data: [0.9989, 0.0476, 0.0041, -0.0476 , 0.9988 , 0.0076, -0.0038, -0.0078, 1.0000]
T: !!opencv-matrix
   rows: 3
   cols: 1
   dt: d
   data: [107.9218, -0.7328, 0.9580]
E: !!opencv-matrix
   rows: 3
   cols: 3
   dt: d
   data: [ 9.5528361899623881e-03, 1.0601283261832697e+00,
       -2.4699079955337041e-02, -1.0335345717701436e+00,
       2.9825727316285855e-02, 4.2502023111657534e+00,
       -1.9116913439782647e-02, -4.2436686786892484e+00,
       2.0238504395070980e-02 ]
F: !!opencv-matrix
   rows: 3
   cols: 3
   dt: d
   data: [ 1.4131238764668476e-07, 1.5656477713878167e-05,
       -4.8939857826396519e-03, -1.5244021841249526e-05,
       4.3919088532933905e-07, 7.4954833484775191e-02,
       3.8488204405422279e-03, -7.4418938110881072e-02, 1. ]
