%YAML:1.0
---
cameraMatrixLeft: !!opencv-matrix
   rows: 3
   cols: 3
   dt: d
   data: [ 1103.963199, 0.000000, 950.492852, 0.000000, 1096.068540, 531.100260, 0.000000, 0.000000, 1.000000 ]
distCoeffsLeft: !!opencv-matrix
   rows: 1
   cols: 5
   dt: d
   data: [ 0.014559, 0.000520, 0.0, 0.0, 0.0]
cameraMatrixRight: !!opencv-matrix
   rows: 3
   cols: 3
   dt: d
   data: [ 1098.592001, 0.000000, 948.178412, 0.000000, 1090.838414, 540.305211, 0.000000, 0.000000, 1.000000 ]
distCoeffsRight: !!opencv-matrix
   rows: 1
   cols: 5
   dt: d
   data: [ 0.013826, -0.005319, 0.0, 0.0, 0.0 ]
R: !!opencv-matrix
   rows: 3
   cols: 3
   dt: d
   data: [ 0.999964, 0.008412, -0.000707, -0.008417, 0.999934, -0.007864, 0.000640, 0.007869, 0.999969 ]
T: !!opencv-matrix
   rows: 3
   cols: 1
   dt: d
   data: [ 107.630507, 0.256192, 1.083056 ]
E: !!opencv-matrix
   rows: 3
   cols: 3
   dt: d
   data: [ -0.009291, -1.084999, 0.247662, 1.159068, 0.837237, -107.626459, 0.649164, 107.625523, 0.846799 ]
F: !!opencv-matrix
   rows: 3
   cols: 3
   dt: d
   data: [ -0.000000, -0.000001, 0.000718, 0.000001, 0.000001, -0.099484, 0.000087, 0.099148, -0.868426 ]

