%YAML:1.0
---
cameraMatrixLeft: !!opencv-matrix
   rows: 3
   cols: 3
   dt: d
   data: [ 1157.619300, 0.000000, 948.435858, 0.000000, 1151.253417, 539.787047, 0.000000, 0.000000, 1.000000 ]
distCoeffsLeft: !!opencv-matrix
   rows: 1
   cols: 5
   dt: d
   data: [ 0.043977, -0.008485, 0.0, 0.0, 0.0 ]
cameraMatrixRight: !!opencv-matrix
   rows: 3
   cols: 3
   dt: d
   data: [ 1160.519202, 0.000000, 955.758573, 0.000000, 1154.174892, 527.755446, 0.000000, 0.000000, 1.000000 ]
distCoeffsRight: !!opencv-matrix
   rows: 1
   cols: 5
   dt: d
   data: [ 0.049307, -0.014554, 0.0, 0.0, 0.0]
R: !!opencv-matrix
   rows: 3
   cols: 3
   dt: d
   data: [ 0.999959, -0.008374, -0.003428, 0.008406, 0.999920, 0.009435, 0.003349, -0.009463, 0.999950 ]
T: !!opencv-matrix
   rows: 3
   cols: 1
   dt: d
   data: [ -107.166011, 0.054609, 1.497043 ]
E: !!opencv-matrix
   rows: 3
   cols: 3
   dt: d
   data: [ 0.012349, -1.496409, 0.068773, 1.129597, 1.023652, 107.165625, 0.842794, -107.157914, 1.013932 ]
F: !!opencv-matrix
   rows: 3
   cols: 3
   dt: d
   data: [ 0.000000, -0.000001, 0.000642, 0.000001, 0.000001, 0.091871, 0.000261, -0.092197, -0.880975 ]
